broken arm:[0, 1, 1, 1, 0, 0, 1, 1, 0, 1, 2, 1, 1]
broken leg:[0, 0, 0, 0, 1, 1, 0, 0, 0, 0, 2]
broken foot:[0, 1, 1]
broken ribs:[0, 0, 1, 1, 0, 0, 0, 0, 0, 0]
sprain ankle:[2, 2, 1, 1, 1, 0, 0, 1, 1, 0]
itch eye:[3, 5, 4, 3, 5, 4, 3, 2, 4, 5]
red eye:[3, 4, 4, 3, 5, 3, 3, 2, 1, 1]
pain chest:[0, 0, 0, 1, 1, 0, 0, 0, 1, 0]
pain ankle:[4, 5, 4, 3, 5, 4, 3, 3, 2, 1]
pain mouth:[1, 3, 2, 3, 4, 3, 2, 1, 2, 1]
pain gum:[3, 2, 4, 5, 6, 3, 2, 4, 5, 5]
pain back:[5, 4, 4, 3, 4, 3, 2, 1, 4, 5]
ache stomach:[1, 4, 3, 2, 3, 1, 1, 0, 1, 2]
ache joint:[4, 5, 6, 3, 2, 6, 7, 3, 2, 4]
ache tooth:[1, 2, 1, 2, 3, 2, 3, 1, 2, 2]
rash skin:[1, 5, 2, 1, 3, 4, 1, 3, 4, 4]
itch skin:[2, 3, 4, 4, 2, 5, 6, 2, 7, 2]
bite bug:[0, 1, 3, 2, 1, 2, 3, 2, 1, 2]
bite dog:[0, 1, 0, 0, 0, 0, 1, 0, 0, 1]
